   0 0.00000e+00
   1 0.00000e+00
   2 2.47649e+24
   3 2.47664e+24
   4 2.47678e+24
   5 2.47693e+24
   6 2.47707e+24
   7 2.47722e+24
   8 2.47736e+24
   9 2.47750e+24
  10 2.47764e+24
  11 2.47777e+24
  12 2.47790e+24
  13 2.47804e+24
  14 2.47816e+24
  15 2.47829e+24
  16 2.47842e+24
  17 2.47854e+24
  18 2.47866e+24
  19 2.44656e+19
  20 2.55849e+19
  21 2.82197e+19
  22 3.23548e+19
  23 3.85951e+19
  24 4.69699e+19
  25 5.84585e+19
  26 2.25617e+24
  27 2.25648e+24
  28 2.25679e+24
  29 2.25710e+24
  30 2.25741e+24
  31 2.25773e+24
  32 2.25804e+24
  33 2.25836e+24
  34 2.25868e+24
  35 2.25899e+24
  36 2.25931e+24
  37 2.25963e+24
  38 2.25995e+24
  39 2.26027e+24
  40 2.26058e+24
  41 2.26090e+24
  42 2.26122e+24
  43 2.26154e+24
  44 2.26185e+24
  45 2.26217e+24
  46 2.26248e+24
  47 2.26279e+24
  48 2.26311e+24
  49 2.26342e+24
  50 2.26372e+24
  51 2.26403e+24
  52 2.26434e+24
  53 2.26464e+24
  54 2.26494e+24
  55 2.26524e+24
  56 2.26553e+24
  57 2.26583e+24
  58 2.26612e+24
  59 2.26640e+24
  60 2.26669e+24
  61 2.26697e+24
  62 2.26725e+24
  63 2.26753e+24
  64 2.26780e+24
  65 2.26807e+24
  66 2.26833e+24
  67 2.26860e+24
  68 2.26885e+24
  69 2.26911e+24
  70 2.26936e+24
  71 2.26960e+24
  72 2.26984e+24
  73 2.27008e+24
  74 2.27032e+24
  75 2.27054e+24
  76 2.27077e+24
  77 2.27099e+24
  78 2.27120e+24
  79 2.27141e+24
  80 2.27162e+24
  81 2.27182e+24
  82 2.27201e+24
  83 2.27221e+24
  84 2.27239e+24
  85 2.27257e+24
  86 2.27275e+24
  87 2.27292e+24
  88 2.27308e+24
  89 2.27324e+24
  90 2.27339e+24
  91 2.27354e+24
  92 2.27368e+24
  93 2.27382e+24
  94 2.27395e+24
  95 2.27408e+24
  96 2.27420e+24
  97 2.27431e+24
  98 2.27442e+24
  99 2.27452e+24
 100 2.27462e+24
 101 2.27471e+24
 102 2.27480e+24
 103 2.27488e+24
 104 2.27495e+24
 105 0.00000e+00
-1  -1
