   0    1    1 1.01000e+01 0.00000e+00 1.63628e+15 -7.22882e-01
   1    1    1 0.00000e+00 0.00000e+00 9.34778e+15 1.02165e+00
   2    1    1 1.63628e+15 -7.22882e-01 2.68237e+16 1.22899e+00 6.99036e+07 9.47390e+07
   3    1    1 1.77858e+15 -2.88110e+00 6.11457e+15 -4.90801e-03 7.30588e+07 9.93527e+07
   4    1    1 3.29195e+15 -5.65195e-02 7.41771e+14 1.44444e+00 7.74822e+07 9.74449e+07
   5    1    1 1.76211e+16 -2.07294e+00 1.45921e+15 2.63759e+00 7.05458e+07 8.78449e+07
   6    1    1 1.81053e+16 -9.76592e-01 9.50480e+15 -2.45148e-01 6.55520e+07 8.07640e+07
   7    1    1 3.90830e+15 -1.23395e+00 7.07121e+15 1.16676e-01 6.79731e+07 8.27972e+07
   8    1    1 4.80558e+15 -8.65243e-01 1.35418e+16 2.40157e+00 6.73175e+07 8.35415e+07
   9    1    1 8.73858e+15 1.34619e+00 1.02650e+15 -1.92527e+00 6.38596e+07 8.37546e+07
  10    1    1 5.54772e+15 3.11207e+00 6.60481e+15 1.81237e+00 6.61063e+07 7.86637e+07
  11    1    1 1.44541e+16 -2.30167e+00 6.73744e+15 -1.11812e+00 5.96217e+07 7.70620e+07
  12    1    1 6.41360e+15 -6.70636e-01 3.29330e+15 -2.15116e+00 5.92190e+07 7.66994e+07
  13    1    1 3.51237e+15 -1.59233e+00 3.16562e+15 2.51464e+00 6.03720e+07 7.23231e+07
  14    1    1 8.13721e+15 2.61724e+00 4.09936e+15 -2.84686e+00 5.96330e+07 7.05273e+07
  15    1    1 2.15138e+15 -8.77689e-02 4.95075e+15 -2.70860e+00 6.13902e+07 6.79956e+07
  16    1    1 1.17850e+15 1.19422e-01 4.22197e+15 -1.67130e+00 6.66877e+07 6.67645e+07
  17    1    1 6.61925e+15 -2.57023e+00 2.86785e+15 1.91865e+00 6.67653e+07 6.30494e+07
  18    1    1 9.63837e+15 2.18309e+00 3.28309e+15 -1.84351e+00 6.70676e+07 5.99240e+07
  19    1    1 8.14746e+15 -6.21347e-01 1.07901e+15 1.04335e+00 6.67541e+07 6.74424e+07
  20    1    1 1.95885e+15 1.27343e+00 3.30339e+16 2.62744e+00 6.07450e+07 7.21846e+07
  21    1    1 1.78003e+15 2.18069e+00 1.07383e+15 2.31651e+00 5.50489e+07 9.44881e+07
  22    1    1 1.61295e+15 1.58114e+00 2.62377e+16 -1.48594e+00 4.96589e+07 9.96336e+07
  23    1    1 3.21985e+15 7.28341e-04 2.90820e+16 -1.12455e+00 4.24252e+07 1.20013e+08
  24    1    1 2.94944e+14 1.68141e+00 4.70687e+16 7.51444e-01 3.98678e+07 1.41712e+08
  25    1    1 6.15027e+14 7.11497e-01 2.15604e+16 -2.64481e+00 3.64530e+07 1.69198e+08
  26    1    1 1.43876e+15 -1.87708e+00 5.05124e+16 -2.55186e+00 3.15641e+07 1.65866e+08
  27    1    1 1.26547e+14 1.44880e-01 4.93570e+16 3.03560e+00 3.48349e+07 1.70989e+08
  28    1    1 2.00543e+15 -2.51334e+00 2.07448e+16 3.10032e+00 3.43210e+07 1.75193e+08
  29    1    1 5.42270e+14 7.09403e-01 8.81075e+15 -2.18806e-01 3.62531e+07 1.70240e+08
  30    1    1 2.61752e+14 -2.17497e+00 1.64539e+16 -1.40502e+00 4.01703e+07 1.59584e+08
  31    1    1 3.48848e+15 1.60872e+00 2.50948e+16 2.89611e+00 4.06016e+07 1.53589e+08
  32    1    1 3.00816e+15 7.58813e-01 3.11593e+16 -2.05940e+00 4.16221e+07 1.53416e+08
  33    1    1 3.14983e+15 -1.77617e+00 1.56324e+16 -3.13818e+00 4.03306e+07 1.57004e+08
  34    1    1 9.24541e+14 3.22087e-01 1.66775e+15 -2.82038e+00 3.94761e+07 1.52904e+08
  35    1    1 4.61741e+15 -2.23216e+00 2.55263e+16 2.81347e+00 3.66989e+07 1.42675e+08
  36    1    1 7.34180e+15 -1.81166e+00 2.03241e+16 1.71076e+00 2.91512e+07 1.43201e+08
  37    1    1 1.09702e+14 2.62202e+00 2.46083e+15 -9.30031e-01 3.23477e+07 1.42494e+08
  38    1    1 6.01317e+14 -1.43621e+00 1.95478e+16 -2.62535e+00 3.37473e+07 1.31913e+08
  39    1    1 2.02044e+15 -1.88830e+00 9.78304e+15 1.38024e+00 3.30792e+07 1.32488e+08
  40    1    1 2.29336e+15 2.73533e+00 1.29077e+15 1.23482e+00 3.16982e+07 1.28284e+08
  41    1    1 2.05929e+14 -2.22928e+00 1.25518e+15 1.45528e+00 3.45066e+07 1.18006e+08
  42    1    1 6.69605e+14 2.40027e+00 3.67178e+16 1.09927e+00 3.60651e+07 1.09892e+08
  43    1    1 3.85529e+14 2.33609e+00 3.24871e+16 -2.79853e+00 3.72206e+07 1.16940e+08
  44    1    1 1.47031e+15 -2.57110e+00 4.29771e+16 2.33462e+00 3.84602e+07 1.22502e+08
  45    1    1 4.60514e+15 -3.05483e+00 7.10929e+16 -8.70283e-02 3.60234e+07 1.29889e+08
  46    1    1 1.57572e+15 5.21654e-02 8.93886e+15 2.44783e+00 3.70135e+07 1.44602e+08
  47    1    1 4.18967e+14 -1.45470e-01 3.93921e+15 -1.43561e-01 3.81136e+07 1.39275e+08
  48    1    1 5.23202e+14 -5.53002e-01 1.30271e+16 -1.58023e+00 3.96288e+07 1.30827e+08
  49    1    1 1.26844e+15 -9.15934e-01 4.47136e+15 2.86672e+00 4.05802e+07 1.27940e+08
  50    1    1 2.99496e+15 4.11504e-01 4.02730e+16 -2.72550e+00 4.00532e+07 1.20476e+08
  51    1    1 1.09541e+14 1.69345e-01 1.31383e+16 -2.35730e+00 4.43282e+07 1.29097e+08
  52    1    1 5.66745e+14 -2.76857e-01 1.05473e+17 -4.13669e-01 4.64938e+07 1.27091e+08
  53    1    1 4.18307e+13 2.85849e+00 1.19565e+16 -2.44857e+00 5.16664e+07 1.47621e+08
  54    1    1 3.70593e+15 1.89692e+00 2.35669e+15 2.50631e+00 5.03832e+07 1.41154e+08
  55    1    1 4.48836e+15 -3.02881e+00 3.24732e+15 2.77287e+00 5.10802e+07 1.30765e+08
  56    1    1 3.53492e+14 -4.07026e-01 9.12973e+15 -2.93356e+00 5.56394e+07 1.22540e+08
  57    1    1 4.04997e+14 1.31337e+00 1.33853e+16 2.98884e+00 6.01724e+07 1.18670e+08
  58    1    1 3.74257e+14 -1.85889e+00 8.74933e+15 -1.34467e+00 6.55419e+07 1.16783e+08
  59    1    1 2.33183e+14 1.41513e+00 4.21226e+15 1.06825e+00 7.29650e+07 1.14052e+08
  60    1    1 7.10901e+15 -1.27948e+00 1.76324e+16 -1.66504e+00 7.17805e+07 1.07608e+08
  61    1    1 9.56055e+14 2.21175e+00 1.51673e+16 1.61566e-01 7.78178e+07 1.10650e+08
  62    1    1 6.13240e+15 2.94128e+00 1.73461e+15 -2.12830e+00 7.70288e+07 1.12260e+08
  63    1    1 9.36571e+15 -2.33463e-01 3.37003e+16 2.15290e+00 7.42306e+07 1.04072e+08
  64    1    1 9.32200e+15 2.52622e+00 2.87231e+16 -1.81444e+00 7.25108e+07 1.14800e+08
  65    1    1 1.45771e+16 -2.10763e-01 3.42606e+16 2.99957e+00 6.40108e+07 1.16867e+08
  66    1    1 7.51503e+15 -3.13845e+00 2.65638e+16 -1.88377e-02 6.52990e+07 1.23107e+08
  67    1    1 2.30916e+15 1.36938e+00 1.29663e+16 3.01583e+00 6.80678e+07 1.26726e+08
  68    1    1 1.64466e+15 1.68106e+00 7.63951e+15 9.89290e-01 7.16382e+07 1.24718e+08
  69    1    1 9.99151e+15 -1.74402e+00 1.69180e+16 2.55264e+00 6.90224e+07 1.19486e+08
  70    1    1 6.37063e+15 2.43021e+00 8.88963e+15 -2.69463e+00 6.91416e+07 1.19195e+08
  71    1    1 8.07917e+15 2.79257e+00 9.63210e+14 1.43655e-01 6.79571e+07 1.15974e+08
  72    1    1 1.18602e+15 -1.54482e+00 1.74306e+16 -1.88287e+00 7.24408e+07 1.05667e+08
  73    1    1 6.13349e+15 -6.20254e-01 3.92338e+16 9.54222e-02 7.31846e+07 1.08839e+08
  74    1    1 1.29901e+16 1.07156e+00 2.89327e+16 1.88744e+00 6.79103e+07 1.15532e+08
  75    1    1 1.72659e+15 -2.58897e-01 2.00377e+16 -2.94334e+00 7.33030e+07 1.19260e+08
  76    1    1 4.84672e+15 -3.70752e-01 1.37320e+16 -1.48994e+00 7.57575e+07 1.20376e+08
  77    1    1 1.69249e+16 2.85565e+00 4.08830e+15 2.25409e+00 7.06677e+07 1.16454e+08
  78    1    1 1.67554e+16 -2.16912e+00 4.17314e+14 2.85491e+00 6.78467e+07 1.10373e+08
  79    1    1 7.77702e+15 5.24362e-01 2.74580e+16 2.87735e+00 6.60795e+07 1.00869e+08
  80    1    1 3.27959e+14 -2.29947e+00 1.30453e+16 3.09200e+00 7.17312e+07 1.05424e+08
  81    1    1 2.81359e+15 -1.13708e+00 7.94791e+15 -1.55184e+00 7.59864e+07 1.07816e+08
  82    1    1 2.70950e+15 2.63472e+00 1.72945e+16 7.55862e-02 7.71335e+07 1.04230e+08
  83    1    1 1.23489e+16 1.62513e-01 1.92807e+16 -1.73533e+00 7.49129e+07 1.04940e+08
  84    1    1 8.26794e+15 -1.44224e+00 1.25257e+15 9.15787e-01 7.52729e+07 1.07786e+08
  85    1    1 2.68540e+14 -2.71131e+00 5.84379e+15 -7.25515e-01 8.28380e+07 9.76651e+07
  86    1    1 7.84184e+15 3.96225e-02 3.60515e+16 -2.00743e+00 8.49555e+07 9.32054e+07
  87    1    1 4.29967e+15 -9.70392e-01 7.36134e+15 2.37142e+00 8.96240e+07 1.03897e+08
  88    1    1 2.25783e+16 1.63872e+00 2.36856e+16 7.88091e-01 8.17081e+07 1.01511e+08
  89    1    1 1.09305e+16 -3.34856e-01 9.87035e+15 1.43929e+00 7.96034e+07 1.07209e+08
  90    1    1 5.25043e+14 -1.84253e-01 1.02214e+16 -1.57031e+00 8.57180e+07 1.06483e+08
  91    1    1 2.20653e+16 -9.88810e-01 4.60979e+15 -2.71578e-01 7.82583e+07 1.06585e+08
  92    1    1 9.33507e+15 -2.43087e+00 9.70229e+14 1.80426e-01 7.52199e+07 1.01826e+08
  93    1    1 6.06130e+15 -2.34951e-01 5.83595e+15 9.88228e-01 7.56279e+07 9.47643e+07
  94    1    1 3.25116e+15 -3.01388e+00 3.69480e+15 -2.86810e+00 7.74362e+07 9.16647e+07
  95    1    1 3.12248e+15 2.30371e-01 1.26621e+15 1.49698e+00 8.11820e+07 8.67183e+07
  96    1    1 1.31167e+16 -1.95007e+00 2.21139e+14 -8.60104e-01 7.92187e+07 8.07086e+07
  97    1    1 2.27163e+15 -7.14415e-01 2.05325e+15 2.81232e+00 8.35364e+07 7.26508e+07
  98    1    1 1.03408e+16 -1.75755e+00 9.03480e+14 -1.62971e+00 8.26630e+07 6.85828e+07
  99    1    1 2.26414e+15 1.24291e+00 9.63445e+15 -2.74777e+00 8.79643e+07 6.26911e+07
 100    1    1 1.61615e+16 2.39930e+00 6.80848e+15 1.17357e+00 8.54888e+07 6.38131e+07
 101    1    1 7.75169e+15 2.01933e+00 9.98576e+14 -1.27801e-01 8.78637e+07 6.45839e+07
 102    1    1 3.19471e+15 6.91020e-01 5.47861e+15 -7.95115e-01 9.27073e+07 6.10065e+07
 103    1    1 1.12655e+16 -7.21946e-01 1.10658e+16 2.46647e+00 9.11408e+07 6.07318e+07
 104    1    1 1.11891e+16 5.14595e-01 1.24016e+16 -9.58146e-01 9.11450e+07 6.48997e+07
 105    1    1 7.58609e+15 1.50068e+00 1.01000e+01 0.00000e+00
-1  -1 -1 -1 -1 -1 -1
